15.4076810272178369219566783160
4.650561941995515283215526373347
145.29327452668131299898369965
18.6733514284658051940354964917
.73663773805008558588094825934
83677687.846964592710411686323164927779161
904.481796565274903098459757334594001
62072.952306342077187121807790903328
764.513994874270899499143280
14.998242794947946583755726
.444036737898440525666455762141519525308
2.7120974393795430168358
939.8988060610777045993383093
84.29575883152047352605870467840
342.3810366226206519066660915502
13.947773023367587607258926
9.93272086979793364344397520485
24.51849078210060667697432
78.21353789935607270878709117781
83.0966573677931092906328860
229.6082990316881680829199650
39841.02980687449883427594879668
95.2944618754842603130296473
8.41786689334494252113227
339.75968791829141896415112868628567
.80797160734754882770868048
128.14093616740861032741862698153715
88.275014867575750119448140409
94.50149677243823608371293232140
6193.031626807989016492982886272
632495.369445679186027379857643
3058.8700438452519785678616810
4937.89237142254081558927759991684
09.1317667122641511284465067
2076.849600423174381729638863
2.918738816226622826745985394294
.081163956842339824355861
03.131338227396332840685731
6.26822100405482679775746377095
34.448153845291317001217180080556
7354.26996697077240436
5.154046365750701927052869305
52.308890261560284999793893892115746635259
69.833713297254659364329554
04.999721844096764
18.89684819687479084259994338118636428
733.3403908990515489390229
41.232188344536270404689710455291
9661.84177229941726992729826
9.8317500240890789102936792
3.52089464283408238611436550
5.6153275462087437151719413494742492
7.31121974393492532709423620315931412
26827.158460582940023755555930674
.17369802411777821211619370488451
.69218316784528507852759784712
48.6396300930277641690982544098787982568
91.73402459196142856908666008552
7.7498399900343924463527882
.55463118708661525376621179803
.0434078355248977611288
307.508466874329270641476770
789.4148232653616988297070693998
33.720091103866950011357044205629284410685
.9806404493483643465
.93084722656161215486969
8.8247745511151910608691377
00.1028430780726646209316304
578.40615689828657292109363895432
.3933946891852585323818982763537267
.318037587132531153728190079
35.28689553202900320382884199595
3.3790862845921
5.8661758727275233155420744569
376.7409359072028823206515838
5.41783851956291324771
85634.827713971558327165866085710114
3535.697592111056276332889055399097
8.0409389880966817102111574
0687.7334225047747579941275
3772.1442521690359351338114724
57.5133805566537128974522176932
2.1461806028112505192527106151980694
1442.22445450493717043781566199719909
05.378916900436871494023329085059
950.20506200457369456338952379432
7.1810203578914290293711391
96.832285276191583526826591507
80.55686652240285535744137
49.611885251557038233184367685
6.9106701597755135877055668
.26103786685904477648
9.82078371398202236340609768058
.38885172729519467693158
46.68934928357033839773851164765049250
30.856759747309170274287357539
01.223593685162838219491
4.2772821888642006830585370388618
5079.145086489089992357904230137
5.91003827728321082741424
